1,2,3,4,5,6,7,8,9,10,11,12,13,14,15,16,17,18
127,184,187,72,54,100,53,91,75,84,72,80,75,73,50,69,,1
80,70,114,72,54,100,52,91,75,84,71,79,74,74,48,69,,1
64,30,92,71,54,101,53,92,75,86,72,80,76,74,48,69,,1
104,135,162,73,54,103,57,94,77,88,73,81,77,75,51,71,,1
134,201,202,75,53,103,54,95,77,89,74,84,79,76,52,72,,1
109,141,159,73,54,102,50,95,77,89,76,84,78,78,52,72,,1
67,34,92,73,53,104,41,95,77,91,75,85,79,80,54,72,,1
81,69,116,76,54,104,39,97,79,91,77,86,81,80,56,74,,1
125,177,187,75,54,106,34,98,80,91,77,88,80,82,57,74,,1
128,181,186,75,54,106,38,97,81,92,77,89,81,82,56,75,,1
83,79,121,75,54,108,38,98,81,94,77,90,81,83,57,76,,1
64,31,91,75,54,109,35,99,82,94,79,90,81,85,58,76,,1
94,101,142,76,54,109,39,100,84,96,80,93,85,86,56,79,,1
134,196,200,77,54,109,38,102,86,96,81,94,84,86,57,79,,1
116,155,171,77,54,111,38,102,85,97,81,96,87,87,55,80,,1
76,55,108,77,53,112,41,103,85,98,82,96,85,88,55,82,,1
77,55,110,77,52,113,39,104,86,100,82,98,87,89,54,81,,1
121,158,176,78,54,113,44,106,88,101,83,101,88,89,54,83,,1
488,714,518,353,144,148,238,136,157,207,139,96,141,209,130,172,,1
195,262,208,295,149,178,167,150,144,189,144,100,150,161,99,152,,1
132,38,70,132,152,174,140,152,147,226,150,107,159,182,89,183,,1
262,378,320,260,184,209,236,185,177,284,176,121,179,222,103,203,,1
371,721,542,291,190,242,293,209,192,297,185,126,190,213,117,215,,1
268,420,325,256,192,265,238,218,196,284,188,129,193,191,118,206,,1
144,24,73,327,195,267,187,230,193,281,192,130,202,190,112,214,,1
256,305,271,347,202,279,252,242,196,276,196,133,210,188,115,214,,1
403,725,553,308,221,312,328,258,226,292,210,136,218,203,128,232,,1
306,485,372,337,225,318,273,264,228,305,215,136,220,206,126,241,,1
168,44,90,324,232,337,221,271,232,300,219,139,226,199,119,237,,1
264,291,266,274,218,341,276,280,223,293,218,145,232,184,118,236,,1
417,733,561,272,239,359,351,292,244,300,230,148,239,201,125,241,,1
315,447,354,302,237,365,293,301,247,308,229,151,242,201,127,247,,1
176,42,93,298,243,376,239,307,258,312,235,154,245,205,128,256,,1
287,328,295,313,253,389,307,316,267,322,243,158,252,211,128,263,,1
423,716,552,314,256,398,367,326,276,326,248,164,258,217,130,269,,1
304,411,332,331,258,404,304,330,288,335,253,167,262,226,134,277,,1
171,43,91,327,256,375,236,334,292,342,256,170,262,231,134,280,,1
305,373,327,330,260,412,322,343,296,342,260,174,269,232,134,277,,1
311,300,239,166,43,11,96,105,43,123,72,68,99,61,53,160,,2
144,44,89,360,53,32,70,101,40,104,79,70,103,70,62,122,,2
259,392,338,291,77,64,169,130,72,154,101,77,121,80,73,149,,2
347,665,516,150,102,124,232,135,119,164,114,82,128,119,92,166,,2
200,289,253,154,97,129,159,135,113,153,110,82,130,115,90,165,,2
97,28,100,0,125,168,149,154,175,208,139,88,143,157,120,207,,2
268,403,354,148,120,152,215,150,164,196,138,94,146,157,120,193,,2
364,668,516,250,90,112,223,149,105,173,125,100,145,117,88,189,,2
326,305,251,847,0,0,78,166,0,0,12,103,122,0,0,49,,2
162,34,129,426,227,304,252,124,687,57,192,90,130,186,472,155,,2
268,378,372,317,290,290,363,283,890,718,316,172,201,352,511,465,,2
366,670,535,0,276,361,356,176,886,499,296,150,175,393,477,305,,2
226,318,289,197,239,358,282,176,843,406,279,124,174,365,422,280,,2
170,64,138,209,304,400,278,242,862,566,309,128,192,313,357,384,,2
312,442,406,359,302,357,336,311,869,715,316,133,208,329,318,427,,2
380,658,554,402,325,407,378,338,883,743,331,138,213,346,308,443,,2
236,248,273,323,345,428,300,370,885,753,330,134,220,325,278,462,,2
316,178,324,1023,187,304,341,713,728,1023,311,181,223,262,154,604,,2
502,603,661,895,213,314,371,818,738,1009,300,208,219,243,150,610,,2
495,637,670,604,253,371,345,764,803,958,320,197,223,320,179,594,,2
670,858,665,867,659,841,654,0,589,615,357,179,0,608,373,11,,3
376,392,310,1023,558,556,403,180,370,308,296,88,117,638,372,418,,3
267,113,80,886,69,0,23,142,0,0,170,0,68,331,202,239,,3
449,523,402,837,27,59,188,244,44,33,163,2,136,323,189,276,,3
424,730,696,1023,589,1023,775,141,630,427,312,77,91,605,383,141,,3
273,419,411,756,579,935,666,160,911,581,481,137,141,1023,610,306,,3
261,327,298,852,532,715,503,160,683,435,428,90,133,978,481,259,,3
385,604,470,891,513,611,499,170,659,363,410,66,136,918,428,265,,3
336,482,374,769,494,641,461,176,690,357,406,90,142,905,434,313,,3
179,274,271,949,465,859,525,141,770,414,449,153,123,906,435,227,,3
204,461,416,916,439,994,652,82,878,423,459,160,81,887,444,83,,3
314,726,583,738,408,1023,765,80,1023,537,552,208,114,868,467,208,,3
206,439,350,830,356,794,529,53,688,195,518,150,101,833,371,228,,3
135,256,229,714,334,819,502,116,761,252,490,155,145,796,369,269,,3
250,426,323,793,316,531,411,136,661,150,414,96,151,760,345,318,,3
295,581,461,472,301,859,601,147,809,316,468,171,160,722,360,260,,3
169,348,289,379,277,813,516,131,787,284,436,168,153,695,329,281,,3
134,273,235,424,256,778,489,137,770,256,432,169,156,670,315,293,,3
250,518,404,412,232,740,544,141,759,247,416,169,157,646,295,266,,3
244,525,408,461,208,746,536,139,755,227,404,163,156,620,274,258,,3
221,165,164,312,64,10,86,45,4,158,69,118,77,122,0,65,,4
299,483,422,563,143,285,310,122,203,100,114,68,113,6,182,171,,4
228,324,292,493,175,332,278,136,243,125,125,76,122,28,175,195,,4
98,17,95,422,161,312,216,140,216,117,114,75,122,22,159,190,,4
176,278,277,405,187,338,299,151,266,178,127,109,135,68,161,228,,4
322,498,401,476,147,270,283,138,176,100,108,89,119,15,118,192,,4
196,181,188,453,154,291,228,137,194,85,104,90,120,9,128,170,,4
80,49,117,336,181,322,234,146,253,132,128,97,133,21,141,184,,4
205,374,330,20,200,329,311,151,346,307,169,131,149,41,119,299,,4
416,468,412,1023,19,38,238,105,26,0,0,0,0,0,220,15,,4
252,140,148,505,80,72,84,66,47,0,0,0,47,8,153,203,,4
190,87,217,1023,34,150,197,77,133,0,6,0,40,0,440,55,,4
322,423,449,964,43,185,260,83,159,6,21,0,50,0,457,60,,4
327,472,504,1023,71,212,277,72,226,40,45,26,4,2,420,16,,4
162,112,278,1000,110,238,177,66,195,86,66,65,0,25,344,0,,4
123,99,155,449,134,91,90,37,0,339,25,254,0,163,118,0,,4
293,381,464,1023,288,126,293,118,109,0,16,0,84,0,0,50,,4
343,446,586,940,238,491,442,329,299,347,159,330,187,99,36,121,,4
162,109,297,925,234,392,256,243,269,428,151,463,122,288,54,149,,4
199,181,216,35,104,173,129,90,86,409,117,780,60,629,10,343,,4
236,230,212,105,78,101,167,73,88,41,76,149,85,103,66,32,,5
126,299,256,109,84,107,185,79,97,49,80,161,90,107,66,40,,5
55,120,132,107,85,111,152,74,100,42,79,141,88,107,65,50,,5
19,0,57,104,88,115,140,78,109,49,85,146,95,107,68,65,,5
91,176,181,110,92,120,179,92,114,60,90,164,104,106,71,92,,5
142,306,263,117,94,126,197,93,119,66,92,168,107,105,71,96,,5
62,115,132,97,91,128,161,92,115,59,88,163,105,103,69,97,,5
29,1,67,110,96,131,150,92,123,61,92,168,108,101,67,94,,5
109,202,202,107,96,132,191,99,131,76,102,177,113,104,72,108,,5
123,306,257,0,59,120,191,0,202,87,190,377,0,120,52,225,,5
92,128,124,224,37,21,114,287,83,0,101,0,354,0,178,51,,5
133,63,108,213,136,181,169,328,154,38,133,228,380,52,131,251,,5
226,293,266,176,202,215,270,321,454,119,189,241,366,16,419,266,,5
222,289,252,167,164,194,226,317,355,83,165,268,355,55,283,256,,5
120,50,91,168,110,177,158,313,207,79,138,281,348,82,160,248,,5
189,145,166,166,172,208,218,306,290,92,150,258,341,67,118,225,,5
270,354,301,190,167,206,239,296,278,67,142,273,327,48,123,209,,5
169,154,157,22,133,187,195,304,298,104,151,273,331,80,120,239,,5
188,96,134,0,246,363,270,252,405,152,151,260,327,2,170,257,,5
240,343,278,0,304,428,335,72,627,588,235,309,105,140,325,354,,5
363,522,407,0,0,192,248,70,138,76,104,149,107,96,58,87,,6
31,44,76,0,0,122,123,58,113,76,122,177,43,115,62,88,,6
61,108,135,0,0,141,166,53,111,81,144,168,30,120,56,72,,6
212,491,383,0,0,117,220,53,104,94,141,207,42,132,66,91,,6
104,229,197,0,0,129,166,49,110,84,154,188,35,132,57,74,,6
18,10,64,0,0,105,121,45,117,85,156,208,27,142,61,84,,6
167,376,311,0,0,107,202,46,114,88,162,206,26,144,65,84,,6
182,430,334,0,0,90,187,43,116,87,157,226,24,152,71,92,,6
10,6,54,0,0,73,101,38,113,86,161,239,20,158,76,98,,6
88,190,187,0,0,62,145,36,113,86,161,248,19,166,82,102,,6
213,504,385,0,0,58,193,35,120,88,163,257,19,168,80,104,,6
68,149,144,0,0,62,120,31,118,88,161,257,17,168,77,98,,6
28,31,72,0,0,12,62,35,0,80,0,520,0,206,77,126,,6
170,451,467,0,103,875,649,17,282,104,569,94,109,780,892,0,,6
0,233,171,0,0,0,114,0,164,77,424,769,669,1023,203,86,,6
83,149,103,106,1023,1023,605,17,1023,948,1005,1023,364,980,1023,0,,6
222,551,360,59,987,1019,782,18,1023,834,933,1016,314,901,913,140,,6
220,577,346,1010,875,943,687,41,991,728,854,955,0,826,812,0,,6
362,370,225,334,825,1023,730,459,960,634,790,906,568,758,710,830,,6
472,634,393,0,770,979,764,526,923,554,735,852,576,690,622,788,,6
353,389,349,121,126,127,208,114,140,107,115,61,101,113,79,80,,7
164,230,233,125,134,136,172,120,154,107,120,56,104,117,82,84,,7
68,15,106,135,140,144,144,125,163,110,125,53,106,120,84,86,,7
183,292,291,135,148,155,220,134,193,122,140,50,113,130,117,99,,7
188,298,284,137,153,159,202,136,200,123,143,51,113,131,107,94,,7
144,32,108,259,117,121,125,138,141,84,110,33,102,115,88,107,,7
428,328,293,541,35,13,125,188,0,34,5,0,88,50,0,81,,7
316,600,503,0,58,289,368,71,783,482,255,155,150,250,657,532,,7
461,325,332,314,268,524,340,286,393,1023,429,150,554,505,381,1023,,7
455,454,638,1023,0,1023,748,1023,0,973,1003,170,454,1023,0,959,,7
515,797,794,350,576,700,713,993,948,857,602,161,368,904,897,909,,7
396,310,481,1023,606,567,468,934,601,760,721,153,303,887,454,814,,7
398,277,417,0,541,497,417,877,810,677,764,145,268,833,595,758,,7
522,558,592,0,479,400,389,827,780,612,588,138,222,782,524,699,,7
474,355,431,0,582,295,266,779,856,546,477,128,180,718,484,643,,7
344,150,306,105,538,316,227,730,758,504,462,125,144,718,392,591,,7
457,458,506,181,468,326,301,686,817,461,495,121,110,688,445,548,,7
456,426,452,15,534,252,233,645,887,411,455,113,78,627,440,506,,7
307,106,249,126,451,273,189,609,847,378,448,108,50,610,375,464,,7
411,336,371,0,521,130,174,579,842,346,388,105,25,547,349,433,,7
238,178,190,16,0,7,122,0,0,17,4,12,14,18,6,23,,1
204,272,234,0,158,481,344,87,219,1023,354,388,176,626,262,563,,1
330,635,451,824,193,311,353,137,148,270,254,253,197,416,194,360,,1
216,331,243,433,308,423,345,252,264,606,389,303,320,556,260,475,,1
156,126,108,403,396,519,352,288,351,641,504,314,385,642,317,512,,1
207,195,159,0,483,635,437,367,437,863,666,374,468,742,340,580,,1
287,482,355,259,511,632,503,361,493,842,692,388,487,755,362,556,,1
385,544,387,977,469,544,451,407,491,358,564,279,476,590,379,492,,1
325,393,283,788,521,610,436,463,556,530,619,311,537,660,407,556,,1
298,338,258,824,546,644,447,507,597,578,648,332,571,679,418,588,,1
313,357,268,732,577,679,468,518,644,530,674,356,582,650,432,612,,1
373,526,389,756,607,713,520,562,687,578,696,378,616,673,443,639,,1
424,677,489,646,623,737,548,594,723,607,707,387,632,688,452,639,,1
470,457,326,650,703,706,483,565,812,841,663,589,658,518,536,890,,1
487,411,302,802,764,800,569,710,953,947,856,608,721,849,650,962,,1
506,491,355,845,748,760,578,703,969,827,834,612,719,827,621,911,,1
555,656,471,829,758,783,611,719,991,820,844,613,732,802,601,902,,1
567,684,484,821,765,805,613,744,1010,827,846,611,742,785,585,893,,1
519,532,382,800,764,805,594,766,1023,804,842,608,749,767,567,883,,1
484,439,326,786,756,811,588,763,1023,786,835,603,750,757,552,873,,1
364,264,307,59,111,137,156,133,92,172,88,110,126,135,79,110,,2
171,50,188,0,126,163,152,149,118,230,122,128,152,123,80,124,,2
198,131,241,30,139,183,183,163,128,227,129,141,158,128,92,135,,2
271,328,374,37,141,190,219,181,132,236,136,148,169,138,97,144,,2
290,362,392,0,145,199,220,197,111,250,134,154,175,125,93,138,,2
227,185,273,4,141,197,190,210,116,283,141,165,187,153,93,156,,2
246,73,174,225,0,35,101,386,145,498,173,198,274,278,78,266,,2
541,272,297,240,0,0,128,1023,125,1023,157,208,487,227,104,949,,2
518,429,414,211,49,0,155,1023,162,982,78,213,546,306,145,794,,2
480,476,478,256,34,181,252,1023,449,916,435,214,537,264,219,939,,2
433,301,369,161,184,363,289,1018,295,822,741,210,506,297,109,881,,2
415,278,404,132,976,638,431,986,402,736,1023,199,477,282,115,826,,2
400,327,395,102,712,548,389,951,393,672,843,194,440,264,106,769,,2
395,486,490,77,714,546,402,915,404,623,832,189,410,247,108,720,,2
361,480,467,56,714,535,381,885,401,571,803,183,379,233,108,678,,2
339,329,352,60,632,514,345,858,414,519,766,176,346,220,110,633,,2
322,203,268,55,596,543,344,827,411,472,808,168,315,209,115,590,,2
320,264,299,48,604,514,344,801,417,436,749,161,287,199,117,557,,2
340,439,413,34,630,516,366,771,433,412,720,160,264,192,119,523,,2
321,475,430,18,626,523,362,743,440,380,718,155,243,182,122,489,,2

573,203,110,209,62,17,54,22,114,175,50,128,111,223,34,107,,3
326,168,118,35,40,0,78,0,39,47,0,141,70,173,1,98,,3
464,536,370,0,27,0,148,0,4,77,0,150,102,212,0,98,,3
469,569,422,0,18,338,347,0,62,192,316,164,93,1023,350,135,,3
386,257,194,1023,4,303,238,220,52,209,268,161,148,1016,314,162,,3
308,154,138,636,0,289,224,160,82,162,233,150,142,975,259,144,,3
460,509,379,476,0,286,309,183,127,183,201,149,162,935,222,181,,3
497,590,421,531,0,265,289,201,135,178,168,139,174,893,182,181,,3
353,224,144,0,158,265,187,199,194,166,145,127,196,857,140,264,,3
330,154,122,292,121,218,192,285,167,162,114,122,211,817,115,287,,3
478,477,359,0,88,197,285,300,184,157,91,122,194,783,94,271,,3
464,509,382,144,0,188,254,321,157,132,71,111,202,748,68,252,,3
350,184,157,309,106,182,165,290,174,101,54,91,182,715,40,237,,3
321,137,138,284,85,174,169,280,173,78,36,79,178,686,17,232,,3
467,470,365,301,81,169,237,302,174,61,24,65,189,657,0,268,,3
484,513,390,287,68,162,224,303,175,38,9,51,191,627,0,258,,3
339,186,162,289,53,152,144,294,172,17,0,39,185,600,0,248,,3
302,122,129,291,48,146,143,293,169,3,0,28,187,577,0,242,,3
433,434,346,275,40,139,214,302,166,0,0,21,191,551,0,238,,3
464,518,399,251,9,141,216,320,148,0,0,14,198,529,0,236,,3
166,69,181,1023,68,0,128,168,32,0,0,0,0,62,0,15,,4
116,133,262,983,185,8,142,322,92,0,14,0,97,62,0,64,,4
317,567,563,995,230,82,231,334,134,79,23,0,105,62,47,156,,4
270,425,467,922,244,153,203,341,154,109,32,0,110,62,94,155,,4
102,18,211,892,236,161,136,330,159,84,45,0,107,63,137,139,,4
206,293,399,832,256,210,228,331,177,135,59,0,112,67,172,143,,4
343,612,598,696,254,219,279,327,179,155,72,0,114,67,189,141,,4
198,254,351,735,251,223,198,329,191,116,85,0,114,69,209,136,,4
111,53,226,712,258,252,187,318,195,117,100,2,112,73,228,129,,4
267,464,493,670,244,232,267,310,191,89,115,3,111,77,250,118,,4
297,545,550,347,301,375,334,294,228,305,135,17,117,78,333,133,,4
126,82,222,612,241,247,178,298,179,183,141,24,106,82,250,132,,4
151,173,293,609,256,276,233,292,164,133,154,22,105,86,247,132,,4
340,626,577,651,262,264,301,291,186,144,171,23,108,87,263,115,,4
237,346,387,561,291,342,270,290,225,212,182,26,114,86,267,124,,4
97,30,184,526,289,350,228,287,229,212,189,32,116,85,272,127,,4
250,411,431,485,293,361,320,287,239,264,201,38,120,87,269,128,,4
324,570,528,476,302,378,339,282,246,251,207,37,119,86,266,123,,4
146,123,217,441,294,379,244,287,241,210,211,34,121,87,264,118,,4
136,130,232,433,294,381,279,281,246,220,223,37,121,89,269,119,,4
265,130,138,80,98,47,90,0,102,111,151,121,17,102,91,0,,5
124,92,139,102,105,121,154,0,115,121,190,133,55,109,87,273,,5
246,413,345,101,104,76,191,0,116,108,196,143,73,116,88,230,,5
166,229,216,99,109,95,148,0,120,122,215,150,60,121,94,220,,5
57,9,81,102,111,96,118,0,125,125,222,158,63,127,95,211,,5
170,281,263,112,108,81,180,0,127,108,229,167,67,132,99,205,,5
213,381,323,107,112,91,186,0,131,125,237,172,68,136,100,198,,5
62,49,100,110,109,78,109,0,133,117,239,177,69,140,101,190,,5
78,98,146,107,113,101,158,0,137,135,266,183,73,144,102,186,,5
218,417,350,106,111,76,196,8,138,129,257,190,91,148,102,185,,5
117,193,195,112,113,107,150,0,142,130,276,193,69,152,105,177,,5
31,14,84,105,107,87,121,7,141,132,278,199,85,155,102,165,,5
160,311,286,115,110,103,198,0,146,122,284,204,76,159,104,172,,5
178,354,305,109,110,99,183,0,148,125,286,209,73,164,104,168,,5
46,26,77,90,103,3,73,23,140,131,260,213,123,163,104,213,,5
74,126,171,115,106,96,163,12,150,122,285,217,88,167,107,165,,5
203,414,353,115,111,106,210,14,155,128,289,222,83,169,107,162,,5
92,162,175,113,105,102,146,10,154,123,294,224,82,171,107,155,,5
23,15,86,112,105,99,128,12,155,120,292,228,84,173,104,155,,5
151,313,286,116,103,94,196,9,157,115,291,233,84,177,104,153,,5
332,412,335,64,50,68,172,40,65,66,91,91,53,80,60,58,,6
16,31,77,64,38,15,79,16,50,50,67,94,69,85,26,75,,6
95,77,110,23,0,0,79,177,0,120,0,102,178,89,64,172,,6
223,392,345,3,64,156,233,93,70,91,133,108,108,94,97,299,,6
181,315,271,5,68,118,182,109,67,111,183,112,149,78,87,241,,6
45,2,71,11,65,84,115,125,62,112,184,109,146,66,85,187,,6
119,203,219,33,76,200,227,88,90,95,241,111,126,66,99,174,,6
185,405,352,88,68,275,287,48,90,76,225,111,89,66,78,39,,6
197,202,169,106,0,0,85,293,0,0,212,112,229,64,0,356,,6
102,47,131,110,384,252,277,221,565,20,659,115,175,66,46,291,,6
299,385,360,107,548,343,386,462,767,19,643,117,204,66,0,256,,6
180,475,388,125,338,313,266,74,634,0,0,126,31,38,63,0,,6
233,257,340,75,779,924,638,1023,744,398,921,169,350,67,131,0,,6
522,478,522,39,1023,1023,851,1023,1023,1023,1023,697,652,168,1023,1023,,6
0,331,232,0,498,223,275,0,692,727,1023,610,430,145,944,74,,6
53,169,160,129,1023,1023,656,31,1023,827,988,584,348,106,845,137,,6
286,349,314,1023,0,636,551,554,875,706,946,563,491,77,741,548,,6
380,627,465,870,81,632,552,587,906,607,901,532,478,52,647,563,,6
239,327,321,1023,63,1006,611,573,556,532,850,507,461,31,562,536,,6
255,315,286,962,66,1007,621,569,484,467,804,494,454,14,495,506,,6
382,385,313,147,29,79,150,141,61,0,0,0,109,0,0,39,,7
142,165,268,27,1023,624,354,0,123,0,0,0,89,0,0,13,,7
181,305,300,288,577,393,339,153,200,0,84,0,89,20,541,138,,7
234,495,386,432,527,195,241,9,155,0,66,0,40,27,294,0,,7
391,336,379,247,252,457,402,1023,159,0,64,0,157,37,573,539,,7
153,89,142,192,398,494,307,0,308,0,56,0,108,45,297,471,,7
378,467,386,180,525,513,419,62,452,0,68,0,70,54,383,425,,7
384,501,382,100,511,472,359,101,479,1,74,0,32,69,384,377,,7
218,124,133,136,502,502,304,96,504,4,80,0,0,76,406,336,,7
252,274,236,140,482,490,345,112,520,3,88,0,0,85,406,300,,7
368,480,372,131,475,501,396,98,539,0,94,0,0,89,407,263,,7
273,288,230,164,458,463,312,107,553,0,100,0,0,95,403,228,,7
192,151,142,160,449,450,282,120,570,0,102,0,0,99,400,195,,7
311,371,298,141,433,427,351,127,582,0,109,0,0,103,398,168,,7
335,413,322,143,420,412,333,124,593,0,111,0,0,106,394,141,,7
191,153,144,140,409,412,259,118,604,0,112,0,0,110,387,115,,7
213,209,193,135,399,407,300,116,611,0,115,0,0,112,381,94,,7
342,430,340,139,391,402,351,118,621,0,119,0,0,114,375,71,,7
266,284,233,137,384,397,289,125,630,0,120,0,0,116,367,49,,7
168,116,126,131,376,398,256,121,637,0,120,0,0,119,362,33,,7
209,202,242,366,169,289,56,566,363,270,21,247,311,37,111,329,,1
257,224,245,274,162,282,58,565,359,265,19,248,313,37,105,320,,1
284,230,250,251,191,325,60,556,360,245,18,247,312,37,99,300,,1
285,220,256,360,198,334,64,581,382,259,16,249,319,36,110,326,,1
304,239,242,166,194,324,57,556,384,247,16,249,317,34,118,313,,1
313,252,254,148,193,322,59,552,391,246,16,251,320,32,119,310,,1
306,247,250,164,185,313,56,544,386,237,16,250,319,30,111,300,,1
241,195,211,102,76,253,52,543,346,209,16,245,318,25,33,269,,1
454,467,349,0,524,651,54,290,415,205,41,228,277,40,104,28,,1
619,548,417,739,413,400,0,257,415,14,0,197,290,18,0,301,,1
495,652,610,1023,536,1023,115,328,447,574,120,836,286,30,588,179,,1
452,528,427,929,412,589,33,294,455,564,125,829,298,39,374,351,,1
384,302,331,1023,246,270,83,706,512,579,134,707,327,37,369,380,,1
398,246,236,680,260,195,46,532,438,458,154,681,306,40,351,300,,1
370,256,259,681,216,182,52,568,450,433,160,643,313,40,324,306,,1
427,276,210,0,332,382,53,465,460,459,162,596,312,42,356,300,,1
381,260,218,57,299,310,47,340,409,323,164,514,287,42,328,242,,1
350,262,221,134,295,352,47,330,383,326,176,567,290,41,288,160,,1
379,271,239,49,304,360,60,360,429,339,177,470,296,43,284,228,,1
349,313,261,246,259,318,44,306,367,307,183,612,290,43,233,176,,1
233,151,307,818,118,47,45,226,101,63,99,141,140,70,14,8,,2
112,100,267,823,140,81,47,230,115,74,108,139,142,70,28,14,,2
110,80,243,790,141,99,46,230,118,76,110,146,144,68,35,19,,2
112,75,233,762,142,111,46,234,123,87,118,145,146,68,42,25,,2
125,103,241,747,137,118,46,242,130,93,126,147,149,67,46,30,,2
135,130,250,733,135,124,46,247,135,99,132,155,152,66,50,34,,2
160,144,157,0,383,544,90,63,434,421,160,415,149,76,585,326,,2
319,503,572,1023,462,992,129,729,680,427,175,137,244,69,381,643,,2
365,465,473,937,464,656,76,714,705,405,158,180,239,66,327,545,,2
418,536,572,1023,310,934,94,1023,756,495,139,207,245,66,87,667,,2
301,380,369,542,361,672,52,698,654,417,127,199,239,65,107,471,,2
291,368,353,453,365,693,48,659,635,402,113,215,239,63,97,425,,2
267,332,331,466,329,667,50,652,609,389,102,222,237,60,81,395,,2
283,365,361,523,340,674,49,634,613,369,93,228,237,58,89,393,,2
262,304,262,542,0,155,46,634,479,366,85,258,239,57,0,418,,2
330,379,414,667,323,685,59,748,606,425,78,340,243,53,192,698,,2
307,331,306,347,527,575,49,573,586,382,70,350,235,51,238,442,,2
299,305,286,322,499,544,50,559,577,363,66,340,235,49,157,409,,2
301,320,294,307,474,531,49,549,568,352,62,344,235,47,121,389,,2
304,338,300,266,455,519,47,535,556,335,59,328,234,46,113,350,,2
579,414,260,0,268,391,36,565,511,645,100,391,288,70,300,748,,3
693,653,568,1023,355,844,128,462,469,672,95,397,256,70,297,547,,3
638,593,415,454,337,798,68,466,460,601,98,373,263,70,254,495,,3
601,548,376,477,322,771,59,465,454,575,97,363,260,69,231,484,,3
552,509,347,468,300,714,42,483,449,536,95,347,260,68,194,473,,3
546,514,359,504,287,663,32,491,459,546,94,376,264,67,171,517,,3
526,474,323,436,278,587,32,494,450,496,96,367,261,64,145,497,,3
518,450,317,449,281,620,57,498,450,509,98,368,260,63,110,475,,3
504,405,256,61,319,585,0,398,464,437,96,354,260,64,179,544,,3
574,460,311,178,350,512,61,444,496,532,88,360,275,61,191,582,,3
576,479,322,146,364,619,70,451,495,530,93,355,273,61,177,554,,3
509,485,350,429,282,681,80,442,447,506,111,348,250,67,111,406,,3
532,501,364,501,275,753,67,412,448,490,113,342,255,68,131,409,,3
500,496,346,414,266,689,55,453,453,469,113,337,259,69,98,421,,3
463,462,325,362,250,654,52,469,449,448,111,331,259,70,77,419,,3
439,430,311,438,243,642,38,437,427,434,108,324,248,71,78,358,,3
427,406,295,407,235,631,44,434,424,421,105,319,247,72,80,355,,3
422,422,307,397,228,614,44,432,419,407,104,314,246,69,81,344,,3
410,416,302,378,221,601,44,429,415,393,102,308,245,69,79,334,,3
389,380,288,379,215,587,42,425,407,381,101,302,242,69,77,316,,3
176,109,291,1012,75,58,46,177,94,189,120,87,64,52,0,0,,4
52,86,266,971,77,80,47,184,106,183,133,86,72,51,0,0,,4
53,79,245,922,80,96,46,186,108,175,141,84,77,52,5,0,,4
62,76,242,926,85,120,48,192,99,171,140,90,77,52,6,0,,4
58,58,219,903,88,122,45,196,110,192,153,91,80,54,5,1,,4
73,81,227,867,86,126,43,196,111,183,161,90,85,55,9,4,,4
86,111,230,830,86,138,43,198,107,174,167,90,84,57,20,4,,4
74,141,235,527,9,409,30,52,0,0,198,0,34,55,12,0,,4
247,257,221,0,407,517,24,0,324,295,199,265,28,52,234,111,,4
226,254,301,606,332,432,46,46,295,167,194,37,38,52,66,70,,4
198,199,235,370,274,378,37,54,288,223,187,159,67,54,129,128,,4
217,238,265,402,296,402,46,32,281,233,192,205,54,55,113,77,,4
227,266,293,519,317,442,47,38,305,246,182,235,52,56,89,66,,4
214,248,272,495,296,433,44,47,296,240,189,237,58,56,62,58,,4
202,219,240,445,298,438,40,38,290,232,187,223,59,57,81,58,,4
199,214,217,309,265,432,41,39,268,131,194,149,50,58,124,28,,4
218,267,257,333,287,455,44,42,284,199,187,201,56,59,110,47,,4
210,266,250,291,281,456,43,48,296,193,184,182,61,59,104,64,,4
198,244,231,300,273,446,43,48,288,198,188,192,62,59,96,53,,4
183,214,238,480,249,422,43,56,227,207,192,254,56,57,74,23,,4
172,112,141,15,0,188,25,42,122,221,102,95,71,70,49,204,,4
55,67,114,0,0,146,27,70,96,146,110,67,79,75,0,189,,4
118,119,148,39,63,100,45,121,87,142,89,258,102,76,58,166,,4
119,115,164,201,45,115,47,134,66,105,97,233,102,78,45,165,,4
88,92,116,0,89,202,35,42,134,261,91,241,96,81,205,208,,4
94,102,153,269,85,184,46,71,104,217,92,266,96,82,114,153,,4
121,113,142,166,80,151,46,106,124,179,88,268,102,85,92,170,,4
116,133,160,208,82,183,41,84,137,217,90,258,103,89,125,164,,4
102,110,172,411,27,144,44,108,112,107,111,181,101,88,61,171,,4
109,97,148,360,0,174,50,124,58,129,122,231,108,91,14,182,,4
117,119,162,374,26,178,50,128,58,120,126,215,105,90,54,154,,4
131,143,170,327,24,178,42,136,62,128,123,210,111,90,48,151,,4
122,130,163,337,15,171,44,145,66,127,123,208,118,90,48,158,,4
112,99,135,309,11,149,38,150,70,116,119,197,126,90,61,178,,4
128,92,110,6,60,143,36,111,81,151,101,234,114,88,102,176,,4
105,106,144,191,0,93,40,150,93,84,120,182,136,87,34,218,,4
136,140,167,211,83,158,46,140,125,118,113,211,117,86,86,151,,4
114,132,179,273,107,263,42,72,96,149,104,132,83,88,207,57,,4
126,109,147,211,119,204,41,108,85,45,104,86,94,86,152,84,,4
137,132,163,210,104,197,40,116,92,56,109,99,100,89,128,90,,4
230,226,204,247,88,317,11,256,196,100,11,165,126,54,32,151,,5
121,116,161,554,0,0,0,93,0,90,22,164,48,62,0,0,,5
168,119,203,628,0,77,23,2,0,10,36,116,0,64,0,41,,5
79,65,194,820,0,43,41,114,58,117,62,96,27,68,0,93,,5
91,57,134,493,20,79,42,98,103,156,76,104,24,69,44,92,,5
129,131,223,784,83,176,12,64,86,122,84,106,0,77,53,0,,5
143,109,130,74,130,211,53,24,141,163,92,106,17,75,79,114,,5
174,168,225,614,203,285,25,0,80,141,94,123,0,78,14,0,,5
171,178,193,594,208,326,40,0,144,165,101,117,0,81,32,32,,5
207,257,225,343,302,406,45,0,234,258,98,171,0,80,139,38,,5
202,244,239,454,250,373,53,0,153,207,107,156,0,84,43,8,,5
159,208,272,1023,128,190,29,93,220,217,114,124,71,87,66,149,,5
357,319,275,7,311,866,146,423,601,333,125,133,339,85,291,898,,5
368,530,419,209,363,1023,73,468,667,373,118,196,329,82,104,745,,5
340,543,410,165,343,997,56,461,646,367,106,204,316,81,68,658,,5
293,493,395,317,314,943,52,457,620,345,97,199,302,78,60,597,,5
276,446,359,325,294,875,47,454,613,344,88,207,299,76,58,590,,5
276,442,353,312,279,827,43,442,599,331,81,205,293,74,62,558,,5
268,431,342,313,267,787,42,433,583,316,75,204,286,74,62,524,,5
258,398,319,290,258,760,43,424,571,302,69,202,280,72,58,499,,5
192,119,141,13,39,28,45,54,102,52,49,71,55,66,13,21,,6
32,61,116,16,32,68,41,69,93,45,8,79,61,70,24,37,,6
2,47,106,19,77,122,3,15,97,0,42,47,43,66,78,30,,6
7,25,93,16,50,107,43,43,95,24,22,66,53,74,37,29,,6
16,38,98,16,57,112,30,46,97,38,59,65,58,75,19,17,,6
29,68,121,15,57,109,37,50,105,56,85,69,60,79,27,21,,6
27,71,121,16,56,87,32,51,116,43,84,74,59,80,30,23,,6
24,57,111,16,48,103,29,55,106,52,76,74,59,83,35,37,,6
13,28,90,16,48,112,37,58,104,53,81,80,65,82,27,35,,6
23,44,105,16,40,113,33,64,101,40,42,80,68,87,25,37,,6
28,66,121,16,52,136,30,59,111,55,78,82,67,87,21,25,,6
38,78,127,14,61,103,35,68,120,72,147,80,62,89,30,38,,6
30,62,117,14,57,103,33,71,118,68,140,79,62,91,29,41,,6
19,35,95,15,62,112,32,72,125,72,148,82,71,92,26,38,,6
24,39,104,15,58,124,30,75,117,71,132,82,69,93,19,36,,6
32,61,117,19,52,130,28,77,112,64,105,82,71,94,17,34,,6
38,85,131,18,52,132,31,79,115,70,107,86,69,96,24,37,,6
35,76,126,17,52,133,35,82,116,73,113,86,69,96,24,39,,6
28,58,113,20,46,128,34,80,111,61,86,87,73,98,23,37,,6
23,40,104,18,50,135,33,81,115,68,89,90,75,97,26,41,,6
176,225,314,608,50,287,75,503,214,221,47,200,69,3,8,136,,7
119,201,313,818,94,350,69,413,184,354,36,436,91,2,10,93,,7
134,216,296,758,89,447,59,457,191,349,25,408,89,1,10,118,,7
134,194,265,747,86,437,53,450,190,329,20,395,88,0,10,120,,7
134,204,254,708,84,419,50,440,185,310,18,387,87,0,10,118,,7
137,203,234,617,83,369,38,415,180,300,15,386,89,0,12,118,,7
193,177,215,658,51,228,27,369,161,253,15,352,83,0,10,106,,7
265,305,291,729,75,452,59,273,131,110,17,181,90,0,11,38,,7
375,264,193,0,507,597,116,54,174,540,21,894,117,0,8,264,,7
698,373,287,260,0,0,158,908,7,718,0,842,213,182,0,1017,,7
808,344,355,1023,117,0,0,0,334,650,0,790,161,0,516,927,,7
673,457,368,0,308,772,267,1023,852,616,404,754,149,504,775,855,,7
852,749,590,950,426,1023,82,412,749,556,731,713,104,831,458,788,,7
785,697,507,977,383,881,71,394,729,514,658,673,58,702,495,725,,7
766,676,471,1002,375,844,59,370,703,475,660,635,44,724,389,667,,7
705,638,430,914,350,783,58,364,688,440,653,600,37,738,357,614,,7
665,600,400,877,326,714,50,345,666,410,643,566,27,741,324,563,,7
620,554,368,795,316,715,58,339,655,382,635,534,17,744,296,517,,7
576,509,332,731,301,684,52,333,640,358,623,506,11,747,278,474,,7
641,552,364,680,289,649,61,547,654,339,616,477,50,790,291,436,,7
275,180,188,98,77,196,53,111,151,79,125,0,41,175,106,0,,7
130,112,145,76,81,202,51,115,155,80,129,0,40,178,104,0,,7
119,113,148,94,67,173,48,107,149,80,129,0,36,183,97,0,,7
136,142,170,114,79,203,54,118,155,83,136,0,40,186,99,0,,7
134,146,170,144,67,172,40,112,150,81,135,0,37,187,95,0,,7
122,123,158,124,72,196,56,127,154,84,139,0,44,186,91,0,,7
319,193,179,86,96,234,38,32,167,80,149,0,0,211,136,0,,7
268,183,190,212,105,235,34,19,152,82,152,0,0,256,96,0,,7
253,197,191,205,101,238,46,20,152,81,158,0,0,223,97,0,,7
268,209,190,91,99,218,55,81,154,90,159,0,49,249,86,0,,7
115,149,179,253,93,235,77,161,171,95,168,0,69,225,68,0,,7
132,133,171,386,73,179,38,111,154,93,159,0,66,221,66,0,,7
126,101,146,331,67,152,36,110,152,91,159,0,70,221,63,0,,7
116,130,168,314,95,235,58,138,165,91,167,0,68,222,70,0,,7
144,163,185,291,88,235,52,147,162,90,163,0,73,237,66,0,,7
144,153,185,383,74,188,32,101,151,88,157,0,68,235,63,0,,7
126,133,164,288,80,214,45,130,157,88,162,0,72,218,69,0,,7
115,109,148,256,80,218,49,137,156,87,161,0,75,223,72,0,,7
117,122,156,233,79,217,48,141,157,86,160,0,73,225,74,0,,7
119,136,166,223,80,221,50,151,159,85,160,0,77,224,73,0,,7
475,341,399,1023,168,231,235,1023,758,681,463,443,826,453,0,665,,1
606,353,403,1023,270,322,94,800,602,498,354,456,916,212,4,455,,1
435,287,336,550,376,406,90,312,388,396,306,481,835,60,73,246,,1
710,439,472,1023,175,271,234,1023,731,660,473,445,836,506,31,573,,1
659,411,453,1023,281,345,200,910,655,572,413,454,868,373,75,510,,1
596,364,421,934,341,412,119,783,619,502,374,468,874,310,107,494,,1
617,413,453,814,342,402,140,775,630,558,413,481,858,281,111,503,,1
675,421,450,1006,237,338,134,936,714,613,430,453,796,406,41,569,,1
641,359,378,993,215,138,115,907,666,563,389,459,793,491,0,557,,1
503,242,247,169,125,7,17,618,514,496,346,494,844,463,0,457,,1
543,398,407,472,424,550,60,515,586,606,435,490,827,304,229,505,,1
669,460,483,1023,306,486,144,947,720,612,394,449,767,473,168,649,,1
644,434,458,1023,304,481,110,922,658,557,381,455,767,430,166,629,,1
701,474,482,1019,275,485,112,1023,763,649,455,455,736,610,131,659,,1
377,273,288,0,509,715,0,5,516,512,346,491,765,354,248,367,,1
333,328,328,0,555,868,5,66,608,524,377,486,747,593,390,383,,1
361,359,337,0,516,806,31,119,625,556,409,490,755,618,370,424,,1
383,430,415,7,615,1023,21,138,650,628,457,484,750,614,388,495,,1
378,403,345,0,500,741,51,163,618,605,414,489,752,630,295,515,,1
359,372,334,111,546,840,58,132,637,566,394,486,738,505,305,497,,1
278,180,203,1023,0,0,0,353,0,46,117,69,73,132,14,157,,2
211,152,192,0,299,414,65,51,148,109,168,71,73,252,180,44,,2
246,247,250,383,244,474,86,66,162,108,134,80,70,312,143,105,,2
169,217,221,881,229,452,59,88,129,97,124,87,77,221,97,112,,2
239,225,182,494,257,278,70,83,220,148,151,78,90,195,19,100,,2
588,398,390,1023,0,100,0,943,271,216,257,96,89,770,173,1023,,2
626,375,408,955,194,359,0,938,311,215,212,96,93,684,268,1015,,2
613,381,414,1021,185,351,2,923,307,212,205,97,101,687,248,981,,2
551,310,328,1023,67,16,9,904,238,180,162,98,76,545,62,963,,2
516,313,355,1023,68,219,10,888,194,165,163,98,65,529,42,935,,2
561,354,419,1006,224,528,10,870,294,199,185,96,56,595,182,903,,2
572,417,476,1023,236,706,12,854,298,213,205,93,44,644,229,874,,2
560,444,477,1004,228,647,11,837,295,207,202,93,42,630,219,845,,2
549,426,458,985,237,646,12,819,294,189,180,92,36,612,205,819,,2
520,394,427,968,235,636,11,801,290,188,166,91,30,600,194,793,,2
515,407,428,958,237,632,14,787,288,184,163,89,27,587,181,772,,2
522,430,432,929,232,611,14,773,282,178,160,87,23,566,171,748,,2
508,403,407,907,228,603,14,757,278,173,142,86,21,552,165,726,,2
481,365,376,890,221,591,15,743,276,177,146,84,16,543,156,706,,2
483,395,397,879,260,644,16,731,285,178,150,84,12,513,142,689,,2
530,265,190,22,96,25,52,126,75,112,137,106,105,99,77,146,,3
378,204,152,21,101,0,50,163,74,118,147,120,121,115,61,194,,3
327,162,136,0,0,0,19,204,46,80,112,115,128,78,0,222,,3
396,236,211,784,221,355,71,190,91,125,163,145,135,168,265,222,,3
388,255,206,765,220,312,59,205,95,143,170,152,144,168,246,230,,3
385,249,198,750,215,273,53,213,98,147,165,158,150,166,222,235,,3
370,217,179,679,210,243,48,232,99,128,144,165,159,177,186,263,,3
359,221,182,741,207,262,51,230,106,136,155,171,162,188,182,249,,3
367,246,201,713,204,258,52,240,110,141,165,176,167,200,166,251,,3
362,232,193,681,200,268,52,252,118,142,155,183,173,216,149,270,,3
345,215,183,742,198,274,51,260,123,139,151,187,178,228,142,271,,3
348,229,197,701,195,274,50,271,126,145,168,193,184,243,130,278,,3
360,243,204,646,192,269,43,288,129,135,166,196,188,256,116,307,,3
340,207,180,642,179,226,41,292,128,126,146,201,192,255,88,300,,3
326,202,178,586,173,215,45,285,131,128,149,204,193,252,76,297,,3
336,228,199,579,167,217,41,293,135,141,166,208,197,258,66,297,,3
335,224,197,579,166,222,43,293,139,139,158,212,199,266,66,300,,3
310,188,170,514,137,163,34,298,140,133,145,215,203,251,26,295,,3
305,192,176,410,148,141,37,287,144,146,163,217,202,237,38,282,,3
328,226,205,525,164,259,52,293,158,160,180,224,206,278,67,284,,3
436,404,527,1023,613,814,0,470,269,381,245,452,137,111,212,767,,4
504,419,529,996,567,753,2,492,247,388,274,455,144,103,181,767,,4
495,473,569,965,607,821,12,434,282,402,314,469,129,123,200,731,,4
468,456,538,933,600,812,14,419,316,412,321,473,130,121,176,723,,4
436,388,483,906,587,803,27,408,331,417,300,476,130,119,166,712,,4
436,413,500,878,573,785,26,411,348,422,307,478,138,119,149,704,,4
429,463,521,846,560,767,40,419,350,401,317,477,141,118,142,654,,4
395,405,470,818,526,706,15,450,348,384,261,473,150,80,106,631,,4
309,308,407,788,541,748,6,370,336,379,239,458,62,167,219,439,,4
379,347,401,762,387,533,32,416,343,407,292,466,173,134,132,630,,4
385,399,434,736,440,596,28,479,347,419,314,463,186,94,80,576,,4
360,346,396,704,442,600,37,491,322,414,258,450,188,95,61,567,,4
327,291,355,675,453,617,29,453,329,406,259,458,178,115,89,547,,4
331,330,372,651,455,622,38,428,278,405,311,464,177,132,104,539,,4
338,378,392,629,451,622,36,423,276,413,317,466,178,133,104,522,,4
320,326,350,606,425,595,28,441,232,403,271,461,181,93,59,520,,4
296,268,311,583,420,588,26,426,238,408,268,463,182,99,60,523,,4
317,315,338,557,402,567,20,438,237,420,292,463,191,101,56,532,,4
324,365,366,536,409,576,35,441,236,419,290,464,192,88,37,512,,4
299,322,335,516,409,576,36,432,239,417,259,463,190,86,45,495,,4
279,230,249,103,55,122,91,192,241,18,582,716,197,362,418,414,,5
178,93,163,102,58,126,89,212,251,46,581,730,207,393,385,403,,5
204,148,198,102,60,130,86,233,234,66,584,754,217,416,360,406,,5
232,256,266,102,67,143,84,242,256,87,590,742,225,414,342,401,,5
217,214,233,100,75,148,81,255,293,128,595,759,230,431,321,385,,5
188,105,163,98,79,152,76,263,310,157,598,753,233,435,301,380,,5
202,143,191,94,84,158,75,273,327,189,602,760,239,445,286,372,,5
237,256,262,94,91,164,73,288,321,216,611,785,247,451,275,374,,5
224,230,238,90,97,168,72,294,355,256,614,790,249,449,258,364,,5
198,133,173,87,100,170,68,299,368,286,615,792,250,457,242,356,,5
206,149,188,85,104,177,68,308,372,298,615,795,256,458,231,352,,5
231,227,237,82,108,183,67,317,385,322,618,800,260,466,220,353,,5
229,225,228,80,103,180,67,329,343,311,607,805,266,478,201,344,,5
215,160,185,77,108,185,65,334,372,336,613,819,265,481,193,336,,5
215,149,181,73,114,191,62,341,380,353,614,821,268,483,185,336,,5
236,218,227,71,112,192,63,348,366,362,613,818,272,481,176,333,,5
236,231,230,68,116,196,62,352,382,385,615,830,272,481,170,336,,5
216,160,182,65,114,205,61,353,378,397,602,720,271,443,152,323,,5
211,146,172,64,131,216,52,351,353,339,605,690,262,378,140,299,,5
239,227,228,62,138,218,56,364,410,342,634,822,277,485,163,314,,5
212,161,158,194,66,71,96,0,69,123,56,151,64,91,48,74,,6
3,64,101,227,71,78,65,0,66,139,51,175,62,86,42,74,,6
11,69,105,266,69,76,15,0,60,145,39,200,64,83,32,77,,6
27,92,125,306,70,89,27,0,51,152,26,207,64,80,23,76,,6
44,100,133,333,75,80,133,0,45,154,18,201,64,72,14,76,,6
37,78,121,376,78,90,125,11,39,163,10,207,64,59,4,72,,6
38,79,120,405,79,89,101,7,32,164,0,215,64,45,0,74,,6
52,105,137,444,75,87,84,3,26,165,0,218,64,37,0,78,,6
42,108,145,238,135,177,108,0,19,177,0,281,64,24,0,92,,6
24,87,132,202,137,193,71,1,9,175,0,272,65,14,0,94,,6
33,97,139,254,120,174,80,1,0,174,0,280,65,4,0,92,,6
48,119,151,283,108,165,69,0,0,172,0,279,65,0,0,96,,6
52,117,150,370,105,160,57,0,0,172,0,278,65,0,0,101,,6
57,103,141,438,111,168,44,0,0,171,0,282,64,0,0,98,,6
51,109,148,286,135,189,72,2,0,178,0,287,66,0,0,96,,6
69,132,162,401,113,174,53,0,0,175,0,291,66,0,0,98,,6
75,132,162,418,111,174,53,0,0,175,0,295,65,0,0,96,,6
70,118,154,418,116,186,62,0,0,182,0,308,65,0,0,101,,6
58,102,146,459,117,185,43,0,0,173,0,287,66,0,0,106,,6
73,117,154,457,99,166,42,0,0,175,0,301,65,0,0,105,,6
354,162,179,162,59,57,46,43,0,72,0,98,54,0,0,32,,7
152,137,168,283,55,79,17,53,0,65,0,86,58,0,0,37,,7
169,218,224,170,67,77,57,54,0,73,0,95,60,0,0,39,,7
0,202,237,0,524,323,20,0,0,182,22,293,47,0,0,13,,7
38,147,156,332,0,0,223,118,12,156,0,280,86,0,0,71,,7
309,142,165,473,30,0,296,617,0,201,136,276,42,0,168,301,,7
225,122,180,779,424,0,275,587,0,192,466,265,31,0,563,440,,7
192,236,278,1023,131,685,0,97,391,160,435,232,0,82,489,387,,7
325,406,353,997,0,737,0,0,590,155,318,225,8,573,884,409,,7
210,326,290,791,1023,689,206,93,404,145,678,202,0,661,838,378,,7
224,279,251,793,971,662,151,86,393,130,694,180,0,647,827,344,,7
250,279,205,691,654,248,0,186,0,112,665,160,54,345,793,331,,7
68,228,250,1023,846,665,137,35,510,112,679,142,32,580,709,313,,7
125,246,234,936,825,612,137,80,463,100,683,124,79,541,740,296,,7
108,338,290,1007,740,648,49,25,538,92,703,107,92,549,620,281,,7
52,195,193,1020,732,630,69,39,540,90,700,93,87,571,552,282,,7
51,128,161,1023,701,627,64,58,544,87,723,80,74,595,570,262,,7
71,222,221,983,677,613,68,52,531,85,719,68,94,579,540,242,,7
91,334,297,948,659,608,59,50,535,82,728,59,96,584,521,237,,7
90,352,297,918,640,603,66,60,533,80,737,51,96,590,512,233,,7
397,362,304,67,36,89,25,59,57,61,49,57,83,52,33,47,,1
158,181,185,65,36,89,24,59,54,61,48,57,83,50,33,44,,1
32,0,69,64,37,89,23,60,55,61,48,57,83,51,32,47,,1
32,21,88,65,37,88,24,59,58,63,48,57,84,52,32,49,,1
94,130,159,66,37,90,25,60,60,62,48,58,84,52,33,53,,1
205,310,281,68,37,90,25,60,61,63,50,59,87,52,33,50,,1
230,310,275,66,38,91,24,61,59,64,50,59,85,51,33,48,,1
165,198,198,65,37,91,26,60,56,62,49,59,85,52,33,46,,1
45,2,74,65,37,91,24,60,56,63,50,59,85,53,33,48,,1
33,21,87,66,39,92,24,62,59,64,51,59,86,53,32,50,,1
99,132,160,66,40,92,24,61,62,66,51,61,88,53,34,53,,1
213,321,287,67,39,93,26,62,62,65,51,62,88,54,34,52,,1
226,307,272,70,40,94,25,60,61,64,53,61,88,53,34,48,,1
192,238,201,68,38,94,23,61,55,63,52,60,85,53,35,45,,1
42,49,98,66,40,94,24,63,59,64,52,59,88,54,33,50,,1
95,108,145,67,41,95,24,63,61,67,53,62,88,53,33,52,,1
131,170,192,67,40,94,26,62,62,65,53,63,89,55,35,53,,1
160,190,199,67,41,95,23,61,61,64,54,62,89,54,34,50,,1
134,139,163,66,41,95,22,62,60,64,54,61,88,54,34,49,,1
100,93,134,66,41,94,22,63,60,64,54,60,88,54,33,50,,1
369,410,362,279,226,335,126,201,243,249,243,141,262,146,106,173,,2
243,277,278,337,214,346,111,238,264,272,237,150,282,159,111,201,,2
174,96,165,364,198,354,99,257,273,296,174,177,298,142,57,198,,2
229,208,239,393,243,394,95,260,279,322,226,210,300,149,51,208,,2
297,390,360,335,237,400,57,270,305,373,260,224,317,169,68,254,,2
289,350,325,267,275,427,47,269,343,396,344,223,327,191,164,315,,2
224,167,200,264,283,441,55,265,320,389,359,233,320,181,113,270,,2
214,177,214,296,245,432,60,288,327,390,302,237,330,184,105,272,,2
285,354,337,315,258,452,71,306,340,399,316,240,342,183,106,284,,2
317,404,363,330,245,458,83,324,347,388,320,244,350,188,108,283,,2
250,242,244,220,215,440,69,336,359,407,310,245,364,196,110,290,,2
198,163,204,202,252,472,19,328,355,364,278,252,345,198,134,266,,2
249,296,300,203,222,471,64,365,418,400,398,247,374,211,208,338,,2
311,426,377,226,235,481,89,356,397,394,347,255,366,207,171,316,,2
271,301,290,201,228,481,70,361,395,403,313,256,371,206,151,317,,2
212,172,209,204,230,491,88,372,397,407,291,259,377,204,140,307,,2
249,290,282,180,218,474,114,376,398,410,445,259,386,202,207,341,,2
323,431,374,209,236,502,27,365,393,404,411,267,368,199,113,304,,2
271,314,300,204,170,477,126,405,404,434,324,273,395,200,82,311,,2
224,178,216,269,196,498,90,414,405,430,324,270,393,198,84,309,,2
902,629,380,376,930,642,32,160,0,362,292,898,272,114,695,713,,3
728,432,262,475,958,754,109,177,104,383,287,1013,279,129,637,658,,3
660,439,259,516,740,507,13,172,0,286,235,802,217,0,590,381,,3
734,619,404,602,746,670,114,194,0,297,305,787,262,29,465,487,,3
718,572,367,524,753,638,81,198,43,310,280,889,274,91,515,500,,3
646,413,257,510,762,645,77,185,86,340,246,993,263,193,493,443,,3
654,413,265,501,734,634,70,200,94,328,276,973,268,181,468,437,,3
712,554,364,464,724,620,61,199,74,302,311,923,264,139,439,436,,3
668,566,358,446,726,541,17,166,30,269,266,928,227,283,402,352,,3
609,472,313,598,804,784,114,156,183,332,221,966,204,274,386,194,,3
597,408,264,463,952,726,111,125,211,336,307,1023,200,1023,352,307,,3
643,619,409,1023,1007,1023,167,142,553,521,430,1023,233,1023,335,144,,3
640,629,369,881,929,699,91,157,371,415,300,993,264,597,308,153,,3
586,446,260,762,867,712,68,168,325,369,225,971,228,620,283,145,,3
591,411,251,777,821,679,60,178,274,357,253,948,240,526,259,201,,3
635,524,340,720,780,691,55,167,345,399,360,932,231,787,238,210,,3
646,623,401,712,728,761,58,166,392,398,328,922,218,786,218,170,,3
603,518,326,688,677,741,54,181,342,349,222,913,223,552,201,119,,3
544,361,215,554,639,621,43,173,217,295,187,890,213,410,182,104,,3
579,450,289,538,615,658,48,168,277,333,271,887,212,473,172,140,,3
218,171,296,326,174,106,11,63,9,0,137,244,16,368,142,55,,4
132,267,377,351,202,149,47,66,22,28,145,506,23,354,140,31,,4
149,196,337,706,233,217,98,174,59,38,74,298,76,222,0,0,,4
49,0,217,634,271,243,43,170,90,24,33,300,67,284,25,0,,4
118,136,308,533,233,213,30,163,76,25,110,399,68,298,49,14,,4
222,285,425,766,178,221,92,293,166,144,197,485,132,272,0,220,,4
198,218,368,556,219,218,33,218,94,64,128,592,99,293,81,123,,4
124,74,254,515,214,202,33,201,72,3,39,407,85,267,50,112,,4
152,122,289,520,223,215,50,209,79,3,77,382,90,258,31,114,,4
243,265,369,535,284,246,45,200,74,6,124,93,83,234,37,60,,4
230,242,357,457,257,236,47,204,85,43,116,242,90,279,70,88,,4
194,131,277,518,273,250,59,231,85,34,50,126,104,230,36,52,,4
181,123,272,470,259,242,44,227,89,43,93,94,101,253,45,73,,4
238,253,360,482,287,274,70,248,101,88,166,48,119,270,59,32,,4
259,266,362,473,266,265,57,262,114,115,146,104,127,282,60,72,,4
187,132,257,471,246,255,62,260,105,86,65,0,120,259,57,62,,4
176,116,252,450,254,248,46,243,72,30,79,0,106,233,61,22,,4
217,228,327,380,222,222,38,232,57,15,140,97,100,253,107,53,,4
213,205,298,276,231,209,30,202,48,0,94,144,88,278,126,66,,4
186,134,241,221,252,231,37,197,71,35,57,210,93,304,143,59,,4
709,378,420,582,65,272,60,0,281,434,310,791,301,506,441,430,,5
525,276,344,518,97,278,78,0,352,438,288,802,304,542,332,419,,5
498,263,328,467,80,245,40,0,332,415,307,859,308,590,366,438,,5
479,280,335,423,101,252,65,0,356,374,302,820,280,599,347,394,,5
502,292,329,378,82,226,42,25,367,417,304,836,336,607,260,474,,5
462,254,300,340,72,239,45,4,374,402,290,860,319,628,288,449,,5
406,226,271,291,65,241,87,0,279,345,246,660,329,571,152,394,,5
406,245,285,257,46,228,30,0,282,320,264,726,326,588,179,401,,5
399,243,282,219,56,235,53,0,310,319,261,733,324,602,187,388,,5
359,205,247,190,85,210,48,0,300,295,230,733,305,624,200,355,,5
325,187,234,160,133,230,75,0,300,296,236,678,308,611,156,349,,5
329,214,252,138,88,223,38,0,323,304,269,738,317,620,190,343,,5
351,225,257,110,61,212,35,0,356,296,269,808,319,640,188,400,,5
327,206,238,91,74,213,45,0,357,298,251,795,319,637,177,395,,5
304,176,215,71,50,197,46,0,358,292,252,807,321,645,157,400,,5
300,188,220,51,42,188,44,0,367,285,263,830,317,658,179,396,,5
303,202,227,32,44,188,51,0,373,282,262,821,318,655,165,392,,5
291,188,215,17,47,186,55,0,374,279,253,821,314,653,151,388,,5
245,119,169,0,40,181,50,0,372,268,228,813,313,639,154,389,,5
265,173,203,0,32,184,58,0,380,275,253,819,315,642,139,394,,5
318,283,275,1023,0,576,140,256,0,245,179,69,286,25,518,303,,6
242,263,221,0,0,462,30,280,401,379,297,30,310,0,438,736,,6
364,337,289,1023,115,483,39,431,541,710,458,23,387,0,424,1023,,6
155,229,195,380,285,457,36,332,533,447,324,13,353,0,392,473,,6
232,277,232,461,230,457,53,379,530,473,355,3,375,0,366,672,,6
235,273,228,455,218,446,54,385,518,445,342,0,381,0,346,659,,6
865,689,631,1023,1023,1023,764,1023,1023,1023,717,0,631,0,321,1023,,6
73,26,42,816,0,0,1,126,1023,884,576,0,423,0,255,354,,6
60,120,123,1012,224,138,74,172,919,794,538,0,371,0,208,237,,6
60,146,134,909,486,276,50,147,840,742,505,0,314,0,169,289,,6
67,144,133,883,506,314,43,180,768,667,456,0,284,0,142,250,,6
59,158,140,912,493,313,48,165,709,603,423,0,237,0,113,219,,6
64,181,159,916,486,332,49,178,653,546,394,0,214,0,90,206,,6
62,171,153,863,497,355,47,178,603,492,357,0,191,0,73,194,,6
60,152,144,824,495,366,43,177,565,445,325,0,170,0,58,178,,6
59,176,159,773,493,375,38,174,537,415,314,0,152,0,42,167,,6
61,193,173,734,487,382,38,180,491,382,295,0,138,0,32,150,,6
58,192,173,735,514,425,46,171,451,346,264,0,122,0,21,158,,6
66,181,167,716,481,427,43,199,421,313,245,0,117,0,11,141,,6
79,202,186,717,427,417,47,233,397,297,246,0,117,0,4,135,,6
264,172,190,125,124,135,36,95,0,59,101,0,58,0,0,56,,7
166,132,164,99,155,139,45,87,0,60,100,0,56,0,0,64,,7
147,103,145,113,153,148,46,90,0,56,90,0,58,0,0,61,,7
146,113,151,128,139,139,41,91,0,58,95,0,58,0,0,65,,7
155,135,167,126,144,152,42,96,0,62,102,0,59,0,0,62,,7
134,117,158,137,100,139,44,116,0,64,102,0,66,0,0,67,,7
617,329,321,228,425,655,95,0,0,59,112,0,40,0,0,541,,7
823,485,413,257,38,516,202,1023,25,74,165,0,246,0,0,631,,7
721,392,306,992,306,326,13,147,41,70,173,0,151,0,970,592,,7
597,321,247,804,277,333,76,177,61,68,146,0,81,88,833,543,,7
512,270,209,795,259,314,51,74,78,55,128,0,31,69,743,497,,7
480,276,215,597,256,323,75,292,86,52,128,0,0,124,707,454,,7
642,356,261,894,320,373,43,0,117,68,127,0,0,4,676,418,,7
566,301,219,751,293,356,60,15,117,76,126,0,0,52,647,387,,7
521,288,212,738,281,338,58,79,108,65,128,0,0,125,615,356,,7
566,413,301,667,281,332,39,38,136,86,165,0,0,69,557,330,,7
500,313,231,628,257,315,48,15,158,83,136,0,0,138,541,312,,7
445,242,189,596,253,323,41,11,139,69,121,0,0,141,515,278,,7
422,268,209,534,245,321,53,41,144,78,133,0,0,139,490,252,,7
383,327,246,411,203,274,53,76,166,92,154,0,0,151,450,230,,7
